53024 201106  6.101 -105.1432   35.6633 -9999.0 -9999.0 -9999.0 -9999.0 -9999.0 -9999.0 U -9999.0 -9999.0 -9999.0
53024 201107  6.101 -105.1432   35.6633    30.9    14.1    22.5    22.0    30.1 -9999.0 U -9999.0 -9999.0 -9999.0
53024 201108  6.101 -105.1432   35.6633    29.6    13.7    21.7    21.1    56.7 -9999.0 U -9999.0 -9999.0 -9999.0
53024 201109  6.101 -105.1432   35.6633    23.6     8.4    16.0    15.6    32.5 -9999.0 U -9999.0 -9999.0 -9999.0
53024 201110  6.101 -105.1432   35.6633    18.9     2.3    10.6    10.5    19.6 -9999.0 U -9999.0 -9999.0 -9999.0
53024 201111  6.101 -105.1432   35.6633    12.9    -2.7     5.1     5.0     0.8 -9999.0 U -9999.0 -9999.0 -9999.0
53024 201112  6.101 -105.1432   35.6633     2.9    -8.6    -2.8    -2.8    17.6 -9999.0 U -9999.0 -9999.0 -9999.0
53024 201201  6.101 -105.1432   35.6633    10.3    -4.4     2.9     2.6     0.4 -9999.0 U -9999.0 -9999.0 -9999.0
53024 201202  6.101 -105.1432   35.6633     8.0    -6.7     0.7     0.5     3.5 -9999.0 U -9999.0 -9999.0 -9999.0
53024 201203  6.101 -105.1432   35.6633    15.9    -2.2     6.9     7.5     5.9 -9999.0 U -9999.0 -9999.0 -9999.0
53024 201204  6.101 -105.1432   35.6633    19.8     1.9    10.9    11.4     8.6 -9999.0 U -9999.0 -9999.0 -9999.0
53024 201205  6.101 -105.1432   35.6633    23.1     6.7    14.9    15.4    22.4 -9999.0 U -9999.0 -9999.0 -9999.0
53024 201206  6.101 -105.1432   35.6633    30.5    11.6    21.1    21.3    15.9 -9999.0 U -9999.0 -9999.0 -9999.0
53024 201207  6.101 -105.1432   35.6633    29.3    13.3    21.3    21.1    43.1 -9999.0 U -9999.0 -9999.0 -9999.0
53024 201208  6.101 -105.1432   35.6633    28.7    12.0    20.3    20.2    41.8 -9999.0 U -9999.0 -9999.0 -9999.0
53024 201209  6.101 -105.1432   35.6633    24.9     8.1    16.5    16.5    20.2 -9999.0 U -9999.0 -9999.0 -9999.0
53024 201210  6.101 -105.1432   35.6633    19.7     2.5    11.1    11.2     9.0 -9999.0 U -9999.0 -9999.0 -9999.0
53024 201211  6.101 -105.1432   35.6633    15.7    -2.1     6.8     6.7     0.7 -9999.0 U -9999.0 -9999.0 -9999.0
53024 201212  6.101 -105.1432   35.6633     7.9    -7.2     0.3     0.5     8.3 -9999.0 U -9999.0 -9999.0 -9999.0
53024 201301  6.101 -105.1432   35.6633     6.9    -9.2    -1.2    -1.3     3.0 -9999.0 U -9999.0 -9999.0 -9999.0
53024 201302  6.101 -105.1432   35.6633     8.0    -8.3    -0.1    -0.1     6.6 -9999.0 U -9999.0 -9999.0 -9999.0
53024 201303  6.101 -105.1432   35.6633    14.5    -3.4     5.6     6.0     2.2 -9999.0 U -9999.0 -9999.0 -9999.0
53024 201304  6.101 -105.1432   35.6633    17.3    -1.3     8.0     8.6     2.7 -9999.0 U -9999.0 -9999.0 -9999.0
53024 201305  6.101 -105.1432   35.6633    22.3     4.4    13.4    14.0    10.8 -9999.0 U -9999.0 -9999.0 -9999.0
53024 201306  6.101 -105.1432   35.6633    29.6    11.2    20.4    20.7    26.6 -9999.0 U -9999.0 -9999.0 -9999.0
53024 201307  6.101 -105.1432   35.6633    26.9    13.1    20.0    19.2    85.8 -9999.0 U -9999.0 -9999.0 -9999.0
53024 201308  6.101 -105.1432   35.6633    27.9    12.2    20.0    19.7    55.5 -9999.0 U -9999.0 -9999.0 -9999.0
53024 201309  6.101 -105.1432   35.6633    22.7     9.8    16.2    16.0   192.4 -9999.0 U -9999.0 -9999.0 -9999.0
53024 201310  6.101 -105.1432   35.6633    16.8     1.1     9.0     9.0     8.4 -9999.0 U -9999.0 -9999.0 -9999.0
53024 201311  6.101 -105.1432   35.6633    10.2    -3.8     3.2     3.4    19.2 -9999.0 U -9999.0 -9999.0 -9999.0
53024 201312  6.101 -105.1432   35.6633     5.9    -6.9    -0.5    -0.3    10.6 -9999.0 U -9999.0 -9999.0 -9999.0
53024 201401  6.101 -105.1432   35.6633     9.7    -7.3     1.2     1.3     0.2 -9999.0 U -9999.0 -9999.0 -9999.0
53024 201402  6.101 -105.1432   35.6633    11.9    -4.9     3.5     3.6     1.5 -9999.0 U -9999.0 -9999.0 -9999.0
53024 201403  6.101 -105.1432   35.6633    14.3    -3.4     5.5     5.8     0.5 -9999.0 U -9999.0 -9999.0 -9999.0
53024 201404  6.101 -105.1432   35.6633    16.6    -0.4     8.1     8.4    14.8 -9999.0 U -9999.0 -9999.0 -9999.0
53024 201405  6.101 -105.1432   35.6633    21.0     4.2    12.6    13.0    28.6 -9999.0 U -9999.0 -9999.0 -9999.0
53024 201406  6.101 -105.1432   35.6633 -9999.0 -9999.0 -9999.0 -9999.0 -9999.0 -9999.0 U -9999.0 -9999.0 -9999.0
